    unsorted:	 0.5164559813 76.19135305 78.37291261 53.42978808 16.07670937 259.0359336 318.4933988 448.0598416 593.2145799 699.0489980 1621.665458 1979.737144 2380.471462 2797.384196 3435.498776 4602.618994 5984.518049 8874.715135 11454.64244 18432.20240 19433.75057 22760.23651 26186.55016 27368.23751 30016.22930 34374.79986 36664.61739 39451.27928 39931.48891 41464.12066 42132.91362 45136.31213 48535.35547 48718.57316 49446.06514 50484.09536 51018.88616 53119.10283 54376.99779 57897.60320 58937.86877 70226.17850 71505.91864 83984.87013 95833.50489 97521.77585 183332.3169 336043.2423 48122344.69
      sorted:	 0.5164559813 16.07670937 53.42978808 76.19135305 78.37291261 259.0359336 318.4933988 448.0598416 593.2145799 699.0489980 1621.665458 1979.737144 2380.471462 2797.384196 3435.498776 4602.618994 5984.518049 8874.715135 11454.64244 18432.20240 19433.75057 22760.23651 26186.55016 27368.23751 30016.22930 34374.79986 36664.61739 39451.27928 39931.48891 41464.12066 42132.91362 45136.31213 48535.35547 48718.57316 49446.06514 50484.09536 51018.88616 53119.10283 54376.99779 57897.60320 58937.86877 70226.17850 71505.91864 83984.87013 95833.50489 97521.77585 183332.3169 336043.2423 48122344.69
