    unsorted:	 12.84652348 15.90741024 43.19425736 91.13386985 86.77728454 255.7774640 357.2069019 411.5050782 939.9519565 1610.205710 1740.021059 2158.427772 2433.997058 2919.799947 3938.752098 6335.203149 9606.981067 15129.92085 17678.81396 22256.11647 23645.95251 25831.36773 28558.46441 30214.86195 33196.00110 38625.21875 37405.64815 39777.96953 40639.88661 40888.09406 43209.50930 45090.12701 45941.05910 48421.57061 49210.85791 49454.15339 49973.81741 50390.77249 52640.31291 53415.30808 66137.47477 67169.93965 80590.72934 84276.95128 93863.69380 123828.4395 137900.9000 336004.3202 16005533.34
      sorted:	 12.84652348 15.90741024 43.19425736 86.77728454 91.13386985 255.7774640 357.2069019 411.5050782 939.9519565 1610.205710 1740.021059 2158.427772 2433.997058 2919.799947 3938.752098 6335.203149 9606.981067 15129.92085 17678.81396 22256.11647 23645.95251 25831.36773 28558.46441 30214.86195 33196.00110 37405.64815 38625.21875 39777.96953 40639.88661 40888.09406 43209.50930 45090.12701 45941.05910 48421.57061 49210.85791 49454.15339 49973.81741 50390.77249 52640.31291 53415.30808 66137.47477 67169.93965 80590.72934 84276.95128 93863.69380 123828.4395 137900.9000 336004.3202 16005533.34
